Pixel index: ipix; Position in the focal plane: x[m]  y[m]  f[m]; Line of Sight: dir_x dir_y dirz; Azimuth [deg]; Elevation [deg];
0  -0.011004  0  0.2345  -0.0468737936855131  0  0.998900819634026  90  87.3133450070946
1  -0.010962  0  0.2345  -0.0466952769206045  0  0.998909180613187  90  87.3235844764868
2  -0.01092  0  0.2345  -0.0465167556815402  0  0.998917509827946  90  87.3338241169656
3  -0.010878  0  0.2345  -0.0463382299852766  0  0.998925807275912  90  87.3440639278815
4  -0.010836  0  0.2345  -0.0461596998487725  0  0.998934072954703  90  87.3543039085844
5  -0.010794  0  0.2345  -0.0459811652889887  0  0.998942306861946  90  87.3645440584245
6  -0.010752  0  0.2345  -0.045802626322888  0  0.998950508995278  90  87.3747843767516
7  -0.01071  0  0.2345  -0.0456240829674354  0  0.998958679352345  90  87.3850248629158
8  -0.010668  0  0.2345  -0.0454455352395981  0  0.998966817930799  90  87.3952655162669
9  -0.010626  0  0.2345  -0.0452669831563453  0  0.998974924728305  90  87.4055063361546
10  -0.010584  0  0.2345  -0.0450884267346482  0  0.998982999742535  90  87.4157473219289
11  -0.010542  0  0.2345  -0.0449098659914801  0  0.998991042971171  90  87.4259884729391
12  -0.0105  0  0.2345  -0.0447313009438165  0  0.998999054411902  90  87.436229788535
13  -0.010458  0  0.2345  -0.0445527316086348  0  0.999007034062428  90  87.4464712680663
14  -0.010416  0  0.2345  -0.0443741580029147  0  0.999014981920458  90  87.4567129108822
15  -0.010374  0  0.2345  -0.0441955801436375  0  0.999022897983709  90  87.466954716332
16  -0.010332  0  0.2345  -0.0440169980477869  0  0.999030782249907  90  87.4771966837654
17  -0.01029  0  0.2345  -0.0438384117323486  0  0.999038634716789  90  87.4874388125316
18  -0.010248  0  0.2345  -0.0436598212143102  0  0.999046455382098  90  87.4976811019798
19  -0.010206  0  0.2345  -0.0434812265106613  0  0.999054244243589  90  87.507923551459
20  -0.010164  0  0.2345  -0.0433026276383935  0  0.999062001299024  90  87.5181661603185
21  -0.010122  0  0.2345  -0.0431240246145006  0  0.999069726546175  90  87.5284089279075
22  -0.01008  0  0.2345  -0.042945417455978  0  0.999077419982822  90  87.5386518535745
23  -0.010038  0  0.2345  -0.0427668061798235  0  0.999085081606756  90  87.5488949366688
24  -0.009996  0  0.2345  -0.0425881908030366  0  0.999092711415775  90  87.5591381765392
25  -0.009954  0  0.2345  -0.0424095713426188  0  0.999100309407687  90  87.5693815725344
26  -0.009912  0  0.2345  -0.0422309478155737  0  0.999107875580309  90  87.5796251240032
27  -0.00987  0  0.2345  -0.0420523202389066  0  0.999115409931468  90  87.5898688302943
28  -0.009828  0  0.2345  -0.0418736886296248  0  0.999122912458997  90  87.6001126907562
29  -0.009786  0  0.2345  -0.0416950530047379  0  0.999130383160743  90  87.6103567047378
30  -0.009744  0  0.2345  -0.0415164133812568  0  0.999137822034556  90  87.6206008715872
31  -0.009702  0  0.2345  -0.0413377697761948  0  0.999145229078301  90  87.6308451906531
32  -0.00966  0  0.2345  -0.0411591222065669  0  0.999152604289848  90  87.641089661284
33  -0.009618  0  0.2345  -0.04098047068939  0  0.999159947667077  90  87.6513342828278
34  -0.009576  0  0.2345  -0.0408018152416829  0  0.999167259207878  90  87.6615790546331
35  -0.009534  0  0.2345  -0.0406231558804664  0  0.99917453891015  90  87.671823976048
36  -0.009492  0  0.2345  -0.040444492622763  0  0.9991817867718  90  87.6820690464208
37  -0.00945  0  0.2345  -0.0402658254855972  0  0.999189002790745  90  87.6923142650993
38  -0.009408  0  0.2345  -0.0400871544859952  0  0.99919618696491  90  87.7025596314318
39  -0.009366  0  0.2345  -0.0399084796409852  0  0.999203339292231  90  87.7128051447663
40  -0.009324  0  0.2345  -0.0397298009675972  0  0.999210459770651  90  87.7230508044507
41  -0.009282  0  0.2345  -0.039551118482863  0  0.999217548398123  90  87.7332966098328
42  -0.00924  0  0.2345  -0.0393724322038162  0  0.999224605172609  90  87.7435425602604
43  -0.009198  0  0.2345  -0.0391937421474923  0  0.99923163009208  90  87.7537886550815
44  -0.009156  0  0.2345  -0.0390150483309286  0  0.999238623154517  90  87.7640348936433
45  -0.009114  0  0.2345  -0.0388363507711641  0  0.999245584357909  90  87.7742812752941
46  -0.009072  0  0.2345  -0.0386576494852397  0  0.999252513700254  90  87.7845277993809
47  -0.00903  0  0.2345  -0.038478944490198  0  0.99925941117956  90  87.7947744652516
48  -0.008988  0  0.2345  -0.0383002358030834  0  0.999266276793843  90  87.8050212722538
49  -0.008946  0  0.2345  -0.0381215234409421  0  0.999273110541128  90  87.8152682197346
50  -0.008904  0  0.2345  -0.0379428074208221  0  0.999279912419451  90  87.8255153070416
51  -0.008862  0  0.2345  -0.0377640877597731  0  0.999286682426856  90  87.8357625335221
52  -0.00882  0  0.2345  -0.0375853644748465  0  0.999293420561395  90  87.8460098985234
53  -0.008778  0  0.2345  -0.0374066375830954  0  0.99930012682113  90  87.8562574013926
54  -0.008736  0  0.2345  -0.0372279071015749  0  0.999306801204133  90  87.8665050414767
55  -0.008694  0  0.2345  -0.0370491730473414  0  0.999313443708483  90  87.8767528181233
56  -0.008652  0  0.2345  -0.0368704354374533  0  0.999320054332271  90  87.887000730679
57  -0.00861  0  0.2345  -0.0366916942889707  0  0.999326633073594  90  87.8972487784912
58  -0.008568  0  0.2345  -0.0365129496189554  0  0.999333179930559  90  87.9074969609065
59  -0.008526  0  0.2345  -0.0363342014444706  0  0.999339694901285  90  87.9177452772724
60  -0.008484  0  0.2345  -0.0361554497825815  0  0.999346177983895  90  87.9279937269349
61  -0.008442  0  0.2345  -0.0359766946503549  0  0.999352629176526  90  87.9382423092416
62  -0.0084  0  0.2345  -0.0357979360648593  0  0.999359048477321  90  87.9484910235386
63  -0.008358  0  0.2345  -0.0356191740431646  0  0.999365435884433  90  87.9587398691732
64  -0.008316  0  0.2345  -0.0354404086023426  0  0.999371791396025  90  87.9689888454916
65  -0.008274  0  0.2345  -0.0352616397594667  0  0.999378115010267  90  87.9792379518406
66  -0.008232  0  0.2345  -0.0350828675316119  0  0.99938440672534  90  87.9894871875668
67  -0.00819  0  0.2345  -0.0349040919358549  0  0.999390666539434  90  87.9997365520165
68  -0.008148  0  0.2345  -0.0347253129892737  0  0.999396894450747  90  88.0099860445363
69  -0.008106  0  0.2345  -0.0345465307089484  0  0.999403090457487  90  88.0202356644726
70  -0.008064  0  0.2345  -0.0343677451119602  0  0.999409254557871  90  88.0304854111719
71  -0.008022  0  0.2345  -0.0341889562153923  0  0.999415386750125  90  88.0407352839803
72  -0.00798  0  0.2345  -0.0340101640363293  0  0.999421487032484  90  88.0509852822441
73  -0.007938  0  0.2345  -0.0338313685918573  0  0.999427555403193  90  88.0612354053096
74  -0.007896  0  0.2345  -0.0336525698990641  0  0.999433591860504  90  88.0714856525227
75  -0.007854  0  0.2345  -0.033473767975039  0  0.999439596402681  90  88.0817360232299
76  -0.007812  0  0.2345  -0.0332949628368729  0  0.999445569027994  90  88.091986516777
77  -0.00777  0  0.2345  -0.0331161545016581  0  0.999451509734726  90  88.1022371325101
78  -0.007728  0  0.2345  -0.0329373429864885  0  0.999457418521165  90  88.1124878697752
79  -0.007686  0  0.2345  -0.0327585283084597  0  0.99946329538561  90  88.1227387279183
80  -0.007644  0  0.2345  -0.0325797104846686  0  0.999469140326371  90  88.1329897062852
81  -0.007602  0  0.2345  -0.0324008895322136  0  0.999474953341764  90  88.1432408042216
82  -0.00756  0  0.2345  -0.0322220654681948  0  0.999480734430116  90  88.1534920210734
83  -0.007518  0  0.2345  -0.0320432383097136  0  0.999486483589762  90  88.1637433561864
84  -0.007476  0  0.2345  -0.0318644080738729  0  0.999492200819047  90  88.1739948089063
85  -0.007434  0  0.2345  -0.0316855747777772  0  0.999497886116325  90  88.1842463785789
86  -0.007392  0  0.2345  -0.0315067384385324  0  0.999503539479959  90  88.1944980645493
87  -0.00735  0  0.2345  -0.0313278990732459  0  0.999509160908321  90  88.2047498661636
88  -0.007308  0  0.2345  -0.0311490566990264  0  0.999514750399793  90  88.2150017827671
89  -0.007266  0  0.2345  -0.0309702113329842  0  0.999520307952765  90  88.2252538137054
90  -0.007224  0  0.2345  -0.030791362992231  0  0.999525833565637  90  88.2355059583236
91  -0.007182  0  0.2345  -0.0306125116938798  0  0.999531327236817  90  88.2457582159674
92  -0.00714  0  0.2345  -0.0304336574550453  0  0.999536788964723  90  88.2560105859819
93  -0.007098  0  0.2345  -0.0302548002928433  0  0.999542218747783  90  88.2662630677129
94  -0.007056  0  0.2345  -0.0300759402243913  0  0.999547616584432  90  88.2765156605051
95  -0.007014  0  0.2345  -0.0298970772668078  0  0.999552982473117  90  88.286768363704
96  -0.006972  0  0.2345  -0.0297182114372132  0  0.999558316412291  90  88.2970211766546
97  -0.00693  0  0.2345  -0.0295393427527288  0  0.999563618400418  90  88.3072740987022
98  -0.006888  0  0.2345  -0.0293604712304775  0  0.999568888435972  90  88.317527129192
99  -0.006846  0  0.2345  -0.0291815968875836  0  0.999574126517434  90  88.3277802674686
100  -0.006804  0  0.2345  -0.0290027197411726  0  0.999579332643295  90  88.3380335128774
101  -0.006762  0  0.2345  -0.0288238398083715  0  0.999584506812056  90  88.3482868647634
102  -0.00672  0  0.2345  -0.0286449571063086  0  0.999589649022226  90  88.3585403224713
103  -0.006678  0  0.2345  -0.0284660716521134  0  0.999594759272325  90  88.3687938853461
104  -0.006636  0  0.2345  -0.0282871834629168  0  0.999599837560879  90  88.3790475527323
105  -0.006594  0  0.2345  -0.0281082925558511  0  0.999604883886426  90  88.3893013239753
106  -0.006552  0  0.2345  -0.0279293989480499  0  0.999609898247512  90  88.3995551984195
107  -0.00651  0  0.2345  -0.0277505026566479  0  0.999614880642692  90  88.4098091754097
108  -0.006468  0  0.2345  -0.0275716036987812  0  0.999619831070531  90  88.4200632542907
109  -0.006426  0  0.2345  -0.0273927020915873  0  0.999624749529603  90  88.4303174344071
110  -0.006384  0  0.2345  -0.0272137978522049  0  0.99962963601849  90  88.4405717151032
111  -0.006342  0  0.2345  -0.0270348909977738  0  0.999634490535785  90  88.4508260957238
112  -0.0063  0  0.2345  -0.0268559815454352  0  0.999639313080089  90  88.4610805756137
113  -0.006258  0  0.2345  -0.0266770695123316  0  0.999644103650011  90  88.471335154117
114  -0.006216  0  0.2345  -0.0264981549156067  0  0.999648862244172  90  88.4815898305781
115  -0.006174  0  0.2345  -0.0263192377724054  0  0.999653588861201  90  88.491844604342
116  -0.006132  0  0.2345  -0.0261403180998737  0  0.999658283499736  90  88.5020994747524
117  -0.00609  0  0.2345  -0.025961395915159  0  0.999662946158422  90  88.5123544411537
118  -0.006048  0  0.2345  -0.0257824712354099  0  0.999667576835918  90  88.5226095028909
119  -0.006006  0  0.2345  -0.0256035440777762  0  0.999672175530887  90  88.5328646593076
120  -0.005964  0  0.2345  -0.0254246144594086  0  0.999676742242006  90  88.5431199097482
121  -0.005922  0  0.2345  -0.0252456823974595  0  0.999681276967958  90  88.5533752535568
122  -0.00588  0  0.2345  -0.025066747909082  0  0.999685779707435  90  88.563630690078
123  -0.005838  0  0.2345  -0.0248878110114305  0  0.999690250459141  90  88.5738862186555
124  -0.005796  0  0.2345  -0.0247088717216609  0  0.999694689221786  90  88.5841418386333
125  -0.005754  0  0.2345  -0.0245299300569296  0  0.999699095994091  90  88.5943975493557
126  -0.005712  0  0.2345  -0.0243509860343948  0  0.999703470774786  90  88.604653350167
127  -0.00567  0  0.2345  -0.0241720396712153  0  0.99970781356261  90  88.6149092404105
128  -0.005628  0  0.2345  -0.0239930909845514  0  0.999712124356311  90  88.6251652194309
129  -0.005586  0  0.2345  -0.0238141399915644  0  0.999716403154646  90  88.6354212865714
130  -0.005544  0  0.2345  -0.0236351867094166  0  0.999720649956382  90  88.6456774411761
131  -0.005502  0  0.2345  -0.0234562311552714  0  0.999724864760295  90  88.6559336825891
132  -0.00546  0  0.2345  -0.0232772733462935  0  0.99972904756517  90  88.6661900101541
133  -0.005418  0  0.2345  -0.0230983132996485  0  0.999733198369801  90  88.676446423215
134  -0.005376  0  0.2345  -0.0229193510325032  0  0.999737317172991  90  88.6867029211153
135  -0.005334  0  0.2345  -0.0227403865620253  0  0.999741403973552  90  88.6969595031985
136  -0.005292  0  0.2345  -0.0225614199053837  0  0.999745458770308  90  88.7072161688091
137  -0.00525  0  0.2345  -0.0223824510797482  0  0.999749481562088  90  88.71747291729
138  -0.005208  0  0.2345  -0.0222034801022899  0  0.999753472347732  90  88.7277297479849
139  -0.005166  0  0.2345  -0.0220245069901807  0  0.999757431126091  90  88.7379866602379
140  -0.005124  0  0.2345  -0.0218455317605937  0  0.999761357896022  90  88.7482436533921
141  -0.005082  0  0.2345  -0.0216665544307027  0  0.999765252656393  90  88.7585007267914
142  -0.00504  0  0.2345  -0.021487575017683  0  0.999769115406082  90  88.7687578797786
143  -0.004998  0  0.2345  -0.0213085935387104  0  0.999772946143974  90  88.7790151116977
144  -0.004956  0  0.2345  -0.021129610010962  0  0.999776744868966  90  88.7892724218922
145  -0.004914  0  0.2345  -0.0209506244516159  0  0.999780511579961  90  88.7995298097054
146  -0.004872  0  0.2345  -0.020771636877851  0  0.999784246275873  90  88.8097872744805
147  -0.00483  0  0.2345  -0.0205926473068472  0  0.999787948955625  90  88.8200448155607
148  -0.004788  0  0.2345  -0.0204136557557855  0  0.99979161961815  90  88.8303024322901
149  -0.004746  0  0.2345  -0.0202346622418478  0  0.99979525826239  90  88.8405601240112
150  -0.004704  0  0.2345  -0.0200556667822168  0  0.999798864887294  90  88.8508178900676
151  -0.004662  0  0.2345  -0.0198766693940762  0  0.999802439491822  90  88.8610757298022
152  -0.00462  0  0.2345  -0.0196976700946108  0  0.999805982074944  90  88.8713336425586
153  -0.004578  0  0.2345  -0.0195186689010062  0  0.999809492635639  90  88.8815916276801
154  -0.004536  0  0.2345  -0.0193396658304488  0  0.999812971172892  90  88.8918496845094
155  -0.004494  0  0.2345  -0.019160660900126  0  0.999816417685702  90  88.9021078123897
156  -0.004452  0  0.2345  -0.0189816541272261  0  0.999819832173074  90  88.9123660106641
157  -0.00441  0  0.2345  -0.0188026455289384  0  0.999823214634024  90  88.9226242786761
158  -0.004368  0  0.2345  -0.0186236351224527  0  0.999826565067575  90  88.9328826157683
159  -0.004326  0  0.2345  -0.0184446229249602  0  0.999829883472762  90  88.9431410212837
160  -0.004284  0  0.2345  -0.0182656089536525  0  0.999833169848626  90  88.9533994945652
161  -0.004242  0  0.2345  -0.0180865932257223  0  0.999836424194222  90  88.9636580349562
162  -0.0042  0  0.2345  -0.0179075757583631  0  0.999839646508608  90  88.973916641799
163  -0.004158  0  0.2345  -0.0177285565687692  0  0.999842836790857  90  88.9841753144372
164  -0.004116  0  0.2345  -0.0175495356741358  0  0.999845995040047  90  88.9944340522134
165  -0.004074  0  0.2345  -0.0173705130916587  0  0.999849121255268  90  89.0046928544702
166  -0.004032  0  0.2345  -0.0171914888385348  0  0.999852215435619  90  89.0149517205506
167  -0.00399  0  0.2345  -0.0170124629319617  0  0.999855277580205  90  89.0252106497978
168  -0.003948  0  0.2345  -0.0168334353891377  0  0.999858307688144  90  89.0354696415541
169  -0.003906  0  0.2345  -0.016654406227262  0  0.999861305758562  90  89.0457286951623
170  -0.003864  0  0.2345  -0.0164753754635346  0  0.999864271790594  90  89.0559878099652
171  -0.003822  0  0.2345  -0.0162963431151561  0  0.999867205783385  90  89.0662469853054
172  -0.00378  0  0.2345  -0.016117309199328  0  0.999870107736087  90  89.0765062205261
173  -0.003738  0  0.2345  -0.0159382737332525  0  0.999872977647863  90  89.0867655149688
174  -0.003696  0  0.2345  -0.0157592367341326  0  0.999875815517886  90  89.0970248679778
175  -0.003654  0  0.2345  -0.0155801982191721  0  0.999878621345337  90  89.1072842788943
176  -0.003612  0  0.2345  -0.0154011582055753  0  0.999881395129406  90  89.1175437470615
177  -0.00357  0  0.2345  -0.0152221167105474  0  0.999884136869293  90  89.1278032718223
178  -0.003528  0  0.2345  -0.0150430737512943  0  0.999886846564207  90  89.1380628525184
179  -0.003486  0  0.2345  -0.0148640293450226  0  0.999889524213366  90  89.1483224884932
180  -0.003444  0  0.2345  -0.0146849835089394  0  0.999892169815997  90  89.1585821790889
181  -0.003402  0  0.2345  -0.0145059362602528  0  0.999894783371337  90  89.1688419236472
182  -0.00336  0  0.2345  -0.0143268876161715  0  0.999897364878633  90  89.1791017215117
183  -0.003318  0  0.2345  -0.0141478375939046  0  0.999899914337138  90  89.1893615720243
184  -0.003276  0  0.2345  -0.0139687862106622  0  0.999902431746118  90  89.1996214745277
185  -0.003234  0  0.2345  -0.0137897334836549  0  0.999904917104846  90  89.2098814283639
186  -0.003192  0  0.2345  -0.013610679430094  0  0.999907370412605  90  89.220141432876
187  -0.00315  0  0.2345  -0.0134316240671913  0  0.999909791668687  90  89.2304014874053
188  -0.003108  0  0.2345  -0.0132525674121595  0  0.999912180872394  90  89.2406615912951
189  -0.003066  0  0.2345  -0.0130735094822116  0  0.999914538023035  90  89.2509217438873
190  -0.003024  0  0.2345  -0.0128944502945615  0  0.99991686311993  90  89.2611819445247
191  -0.002982  0  0.2345  -0.0127153898664235  0  0.999919156162409  90  89.2714421925486
192  -0.00294  0  0.2345  -0.0125363282150126  0  0.999921417149811  90  89.2817024873022
193  -0.002898  0  0.2345  -0.0123572653575443  0  0.999923646081481  90  89.2919628281271
194  -0.002856  0  0.2345  -0.0121782013112348  0  0.999925842956778  90  89.3022232143659
195  -0.002814  0  0.2345  -0.0119991360933008  0  0.999928007775067  90  89.3124836453613
196  -0.002772  0  0.2345  -0.0118200697209596  0  0.999930140535723  90  89.3227441204544
197  -0.00273  0  0.2345  -0.011641002211429  0  0.999932241238132  90  89.333004638988
198  -0.002688  0  0.2345  -0.0114619335819274  0  0.999934309881686  90  89.3432652003047
199  -0.002646  0  0.2345  -0.0112828638496737  0  0.999936346465789  90  89.3535258037462
200  -0.002604  0  0.2345  -0.0111037930318873  0  0.999938350989852  90  89.3637864486538
201  -0.002562  0  0.2345  -0.0109247211457883  0  0.999940323453298  90  89.3740471343712
202  -0.00252  0  0.2345  -0.010745648208597  0  0.999942263855557  90  89.3843078602396
203  -0.002478  0  0.2345  -0.0105665742375346  0  0.99994417219607  90  89.3945686256014
204  -0.002436  0  0.2345  -0.0103874992498224  0  0.999946048474284  90  89.404829429798
205  -0.002394  0  0.2345  -0.0102084232626825  0  0.999947892689659  90  89.4150902721725
206  -0.002352  0  0.2345  -0.0100293462933373  0  0.999949704841663  90  89.425351152066
207  -0.00231  0  0.2345  -0.00985026835900969  0  0.999951484929772  90  89.4356120688218
208  -0.002268  0  0.2345  -0.00967118947692314  0  0.999953232953472  90  89.4458730217798
209  -0.002226  0  0.2345  -0.00949210966430145  0  0.99995494891226  90  89.4561340102844
210  -0.002184  0  0.2345  -0.00931302893836894  0  0.99995663280564  90  89.4663950336756
211  -0.002142  0  0.2345  -0.00913394731635034  0  0.999958284633125  90  89.4766560912973
212  -0.0021  0  0.2345  -0.0089548648154708  0  0.99995990439424  90  89.4869171824897
213  -0.002058  0  0.2345  -0.00877578145295593  0  0.999961492088515  90  89.4971783065955
214  -0.002016  0  0.2345  -0.00859669724603171  0  0.999963047715494  90  89.5074394629575
215  -0.001974  0  0.2345  -0.00841761221192457  0  0.999964571274728  90  89.5177006509155
216  -0.001932  0  0.2345  -0.00823852636786131  0  0.999966062765775  90  89.5279618698131
217  -0.00189  0  0.2345  -0.00805943973106913  0  0.999967522188207  90  89.5382231189921
218  -0.001848  0  0.2345  -0.0078803523187756  0  0.999968949541601  90  89.5484843977931
219  -0.001806  0  0.2345  -0.00770126414820868  0  0.999970344825545  90  89.5587457055589
220  -0.001764  0  0.2345  -0.00752217523659668  0  0.999971708039638  90  89.5690070416329
221  -0.001722  0  0.2345  -0.00734308560116827  0  0.999973039183484  90  89.5792684053546
222  -0.00168  0  0.2345  -0.00716399525915248  0  0.999974338256701  90  89.5895297960659
223  -0.001638  0  0.2345  -0.00698490422777867  0  0.999975605258913  90  89.5997912131103
224  -0.001596  0  0.2345  -0.00680581252427653  0  0.999976840189754  90  89.6100526558287
225  -0.001554  0  0.2345  -0.00662672016587608  0  0.999978043048868  90  89.6203141235622
226  -0.001512  0  0.2345  -0.00644762716980764  0  0.999979213835907  90  89.6305756156539
227  -0.00147  0  0.2345  -0.00626853355330186  0  0.999980352550534  90  89.640837131445
228  -0.001428  0  0.2345  -0.00608943933358967  0  0.999981459192421  90  89.651098670278
229  -0.001386  0  0.2345  -0.00591034452790229  0  0.999982533761246  90  89.6613602314931
230  -0.001344  0  0.2345  -0.00573124915347124  0  0.999983576256701  90  89.6716218144333
231  -0.001302  0  0.2345  -0.0055521532275283  0  0.999984586678484  90  89.681883418441
232  -0.00126  0  0.2345  -0.00537305676730551  0  0.999985565026303  90  89.692145042855
233  -0.001218  0  0.2345  -0.00519395979003518  0  0.999986511299877  90  89.7024066870204
234  -0.001176  0  0.2345  -0.00501486231294987  0  0.999987425498932  90  89.7126683502771
235  -0.001134  0  0.2345  -0.00483576435328236  0  0.999988307623204  90  89.7229300319685
236  -0.001092  0  0.2345  -0.00465666592826568  0  0.999989157672438  90  89.7331917314331
237  -0.00105  0  0.2345  -0.00447756705513309  0  0.99998997564639  90  89.743453448016
238  -0.001008  0  0.2345  -0.00429846775111804  0  0.999990761544822  90  89.7537151810574
239  -0.000966  0  0.2345  -0.00411936803345421  0  0.999991515367508  90  89.7639769298999
240  -0.000924  0  0.2345  -0.00394026791937548  0  0.999992237114231  90  89.7742386938823
241  -0.000882  0  0.2345  -0.00376116742611589  0  0.999992926784781  90  89.7845004723508
242  -0.00084  0  0.2345  -0.00358206657090971  0  0.999993584378961  90  89.7947622646444
243  -0.000798  0  0.2345  -0.00340296537099134  0  0.999994209896579  90  89.8050240701028
244  -0.000756  0  0.2345  -0.00322386384359538  0  0.999994803337456  90  89.8152858880724
245  -0.000714  0  0.2345  -0.00304476200595656  0  0.999995364701421  90  89.8255477178915
246  -0.000672  0  0.2345  -0.00286565987530978  0  0.99999589398831  90  89.8358095589031
247  -0.00063  0  0.2345  -0.00268655746889007  0  0.999996391197971  90  89.8460714104474
248  -0.000588  0  0.2345  -0.0025074548039326  0  0.999996856330262  90  89.8563332718709
249  -0.000546  0  0.2345  -0.00232835189767265  0  0.999997289385047  90  89.8665951425092
250  -0.000504  0  0.2345  -0.00214924876734563  0  0.999997690362201  90  89.8768570217037
251  -0.000462  0  0.2345  -0.00197014543018705  0  0.999998059261609  90  89.8871189088008
252  -0.00042  0  0.2345  -0.00179104190343253  0  0.999998396083164  90  89.8973808031405
253  -0.000378  0  0.2345  -0.00161193820431778  0  0.999998700826769  90  89.9076427040599
254  -0.000336  0  0.2345  -0.00143283435007857  0  0.999998973492336  90  89.9179046109101
255  -0.000294  0  0.2345  -0.00125373035795078  0  0.999999214079786  90  89.9281665230254
256  -0.000252  0  0.2345  -0.00107462624517032  0  0.99999942258905  90  89.9384284397499
257  -0.00021  0  0.2345  -0.000895522028973195  0  0.999999599020067  90  89.9486903604201
258  -0.000168  0  0.2345  -0.00071641772659543  0  0.999999743372788  90  89.9589522843904
259  -0.000126  0  0.2345  -0.000537313355273106  0  0.999999855647169  90  89.9692142109911
260  -8.4e-05  0  0.2345  -0.000358208932242333  0  0.999999935843178  90  89.9794761395765
261  -4.2e-05  0  0.2345  -0.000179104474739247  0  0.999999983960793  90  89.9897380694654
262  0  0  0.2345  0  0  1  0  90
263  4.2e-05  0  0.2345  0.000179104474739247  0  0.999999983960793  270  89.9897380694654
264  8.4e-05  0  0.2345  0.000358208932242333  0  0.999999935843178  270  89.9794761395765
265  0.000126  0  0.2345  0.000537313355273106  0  0.999999855647169  270  89.9692142109911
266  0.000168  0  0.2345  0.00071641772659543  0  0.999999743372788  270  89.9589522843904
267  0.00021  0  0.2345  0.000895522028973195  0  0.999999599020067  270  89.9486903604201
268  0.000252  0  0.2345  0.00107462624517032  0  0.99999942258905  270  89.9384284397499
269  0.000294  0  0.2345  0.00125373035795078  0  0.999999214079786  270  89.9281665230254
270  0.000336  0  0.2345  0.00143283435007857  0  0.999998973492336  270  89.9179046109101
271  0.000378  0  0.2345  0.00161193820431778  0  0.999998700826769  270  89.9076427040599
272  0.00042  0  0.2345  0.00179104190343253  0  0.999998396083164  270  89.8973808031405
273  0.000462  0  0.2345  0.00197014543018705  0  0.999998059261609  270  89.8871189088008
274  0.000504  0  0.2345  0.00214924876734563  0  0.999997690362201  270  89.8768570217037
275  0.000546  0  0.2345  0.00232835189767265  0  0.999997289385047  270  89.8665951425092
276  0.000588  0  0.2345  0.0025074548039326  0  0.999996856330262  270  89.8563332718709
277  0.00063  0  0.2345  0.00268655746889007  0  0.999996391197971  270  89.8460714104474
278  0.000672  0  0.2345  0.00286565987530978  0  0.99999589398831  270  89.8358095589031
279  0.000714  0  0.2345  0.00304476200595656  0  0.999995364701421  270  89.8255477178915
280  0.000756  0  0.2345  0.00322386384359538  0  0.999994803337456  270  89.8152858880724
281  0.000798  0  0.2345  0.00340296537099134  0  0.999994209896579  270  89.8050240701028
282  0.00084  0  0.2345  0.00358206657090971  0  0.999993584378961  270  89.7947622646444
283  0.000882  0  0.2345  0.00376116742611589  0  0.999992926784781  270  89.7845004723508
284  0.000924  0  0.2345  0.00394026791937548  0  0.999992237114231  270  89.7742386938823
285  0.000966  0  0.2345  0.00411936803345421  0  0.999991515367508  270  89.7639769298999
286  0.001008  0  0.2345  0.00429846775111804  0  0.999990761544822  270  89.7537151810574
287  0.00105  0  0.2345  0.00447756705513309  0  0.99998997564639  270  89.743453448016
288  0.001092  0  0.2345  0.00465666592826568  0  0.999989157672438  270  89.7331917314331
289  0.001134  0  0.2345  0.00483576435328236  0  0.999988307623204  270  89.7229300319685
290  0.001176  0  0.2345  0.00501486231294987  0  0.999987425498932  270  89.7126683502771
291  0.001218  0  0.2345  0.00519395979003518  0  0.999986511299877  270  89.7024066870204
292  0.00126  0  0.2345  0.00537305676730551  0  0.999985565026303  270  89.692145042855
293  0.001302  0  0.2345  0.0055521532275283  0  0.999984586678484  270  89.681883418441
294  0.001344  0  0.2345  0.00573124915347124  0  0.999983576256701  270  89.6716218144333
295  0.001386  0  0.2345  0.00591034452790229  0  0.999982533761246  270  89.6613602314931
296  0.001428  0  0.2345  0.00608943933358967  0  0.999981459192421  270  89.651098670278
297  0.00147  0  0.2345  0.00626853355330186  0  0.999980352550534  270  89.640837131445
298  0.001512  0  0.2345  0.00644762716980764  0  0.999979213835907  270  89.6305756156539
299  0.001554  0  0.2345  0.00662672016587608  0  0.999978043048868  270  89.6203141235622
300  0.001596  0  0.2345  0.00680581252427653  0  0.999976840189754  270  89.6100526558287
301  0.001638  0  0.2345  0.00698490422777867  0  0.999975605258913  270  89.5997912131103
302  0.00168  0  0.2345  0.00716399525915248  0  0.999974338256701  270  89.5895297960659
303  0.001722  0  0.2345  0.00734308560116827  0  0.999973039183484  270  89.5792684053546
304  0.001764  0  0.2345  0.00752217523659668  0  0.999971708039638  270  89.5690070416329
305  0.001806  0  0.2345  0.00770126414820868  0  0.999970344825545  270  89.5587457055589
306  0.001848  0  0.2345  0.0078803523187756  0  0.999968949541601  270  89.5484843977931
307  0.00189  0  0.2345  0.00805943973106913  0  0.999967522188207  270  89.5382231189921
308  0.001932  0  0.2345  0.00823852636786131  0  0.999966062765775  270  89.5279618698131
309  0.001974  0  0.2345  0.00841761221192457  0  0.999964571274728  270  89.5177006509155
310  0.002016  0  0.2345  0.00859669724603171  0  0.999963047715494  270  89.5074394629575
311  0.002058  0  0.2345  0.00877578145295593  0  0.999961492088515  270  89.4971783065955
312  0.0021  0  0.2345  0.0089548648154708  0  0.99995990439424  270  89.4869171824897
313  0.002142  0  0.2345  0.00913394731635034  0  0.999958284633125  270  89.4766560912973
314  0.002184  0  0.2345  0.00931302893836894  0  0.99995663280564  270  89.4663950336756
315  0.002226  0  0.2345  0.00949210966430145  0  0.99995494891226  270  89.4561340102844
316  0.002268  0  0.2345  0.00967118947692314  0  0.999953232953472  270  89.4458730217798
317  0.00231  0  0.2345  0.00985026835900969  0  0.999951484929772  270  89.4356120688218
318  0.002352  0  0.2345  0.0100293462933373  0  0.999949704841663  270  89.425351152066
319  0.002394  0  0.2345  0.0102084232626825  0  0.999947892689659  270  89.4150902721725
320  0.002436  0  0.2345  0.0103874992498224  0  0.999946048474284  270  89.404829429798
321  0.002478  0  0.2345  0.0105665742375346  0  0.99994417219607  270  89.3945686256014
322  0.00252  0  0.2345  0.010745648208597  0  0.999942263855557  270  89.3843078602396
323  0.002562  0  0.2345  0.0109247211457883  0  0.999940323453298  270  89.3740471343712
324  0.002604  0  0.2345  0.0111037930318873  0  0.999938350989852  270  89.3637864486538
325  0.002646  0  0.2345  0.0112828638496737  0  0.999936346465789  270  89.3535258037462
326  0.002688  0  0.2345  0.0114619335819274  0  0.999934309881686  270  89.3432652003047
327  0.00273  0  0.2345  0.011641002211429  0  0.999932241238132  270  89.333004638988
328  0.002772  0  0.2345  0.0118200697209596  0  0.999930140535723  270  89.3227441204544
329  0.002814  0  0.2345  0.0119991360933008  0  0.999928007775067  270  89.3124836453613
330  0.002856  0  0.2345  0.0121782013112348  0  0.999925842956778  270  89.3022232143659
331  0.002898  0  0.2345  0.0123572653575443  0  0.999923646081481  270  89.2919628281271
332  0.00294  0  0.2345  0.0125363282150126  0  0.999921417149811  270  89.2817024873022
333  0.002982  0  0.2345  0.0127153898664235  0  0.999919156162409  270  89.2714421925486
334  0.003024  0  0.2345  0.0128944502945615  0  0.99991686311993  270  89.2611819445247
335  0.003066  0  0.2345  0.0130735094822116  0  0.999914538023035  270  89.2509217438873
336  0.003108  0  0.2345  0.0132525674121595  0  0.999912180872394  270  89.2406615912951
337  0.00315  0  0.2345  0.0134316240671913  0  0.999909791668687  270  89.2304014874053
338  0.003192  0  0.2345  0.013610679430094  0  0.999907370412605  270  89.220141432876
339  0.003234  0  0.2345  0.0137897334836549  0  0.999904917104846  270  89.2098814283639
340  0.003276  0  0.2345  0.0139687862106622  0  0.999902431746118  270  89.1996214745277
341  0.003318  0  0.2345  0.0141478375939046  0  0.999899914337138  270  89.1893615720243
342  0.00336  0  0.2345  0.0143268876161715  0  0.999897364878633  270  89.1791017215117
343  0.003402  0  0.2345  0.0145059362602528  0  0.999894783371337  270  89.1688419236472
344  0.003444  0  0.2345  0.0146849835089394  0  0.999892169815997  270  89.1585821790889
345  0.003486  0  0.2345  0.0148640293450226  0  0.999889524213366  270  89.1483224884932
346  0.003528  0  0.2345  0.0150430737512943  0  0.999886846564207  270  89.1380628525184
347  0.00357  0  0.2345  0.0152221167105474  0  0.999884136869293  270  89.1278032718223
348  0.003612  0  0.2345  0.0154011582055753  0  0.999881395129406  270  89.1175437470615
349  0.003654  0  0.2345  0.0155801982191721  0  0.999878621345337  270  89.1072842788943
350  0.003696  0  0.2345  0.0157592367341326  0  0.999875815517886  270  89.0970248679778
351  0.003738  0  0.2345  0.0159382737332525  0  0.999872977647863  270  89.0867655149688
352  0.00378  0  0.2345  0.016117309199328  0  0.999870107736087  270  89.0765062205261
353  0.003822  0  0.2345  0.0162963431151561  0  0.999867205783385  270  89.0662469853054
354  0.003864  0  0.2345  0.0164753754635346  0  0.999864271790594  270  89.0559878099652
355  0.003906  0  0.2345  0.016654406227262  0  0.999861305758562  270  89.0457286951623
356  0.003948  0  0.2345  0.0168334353891377  0  0.999858307688144  270  89.0354696415541
357  0.00399  0  0.2345  0.0170124629319617  0  0.999855277580205  270  89.0252106497978
358  0.004032  0  0.2345  0.0171914888385348  0  0.999852215435619  270  89.0149517205506
359  0.004074  0  0.2345  0.0173705130916587  0  0.999849121255268  270  89.0046928544702
360  0.004116  0  0.2345  0.0175495356741358  0  0.999845995040047  270  88.9944340522134
361  0.004158  0  0.2345  0.0177285565687692  0  0.999842836790857  270  88.9841753144372
362  0.0042  0  0.2345  0.0179075757583631  0  0.999839646508608  270  88.973916641799
363  0.004242  0  0.2345  0.0180865932257223  0  0.999836424194222  270  88.9636580349562
364  0.004284  0  0.2345  0.0182656089536525  0  0.999833169848626  270  88.9533994945652
365  0.004326  0  0.2345  0.0184446229249602  0  0.999829883472762  270  88.9431410212837
366  0.004368  0  0.2345  0.0186236351224527  0  0.999826565067575  270  88.9328826157683
367  0.00441  0  0.2345  0.0188026455289384  0  0.999823214634024  270  88.9226242786761
368  0.004452  0  0.2345  0.0189816541272261  0  0.999819832173074  270  88.9123660106641
369  0.004494  0  0.2345  0.019160660900126  0  0.999816417685702  270  88.9021078123897
370  0.004536  0  0.2345  0.0193396658304488  0  0.999812971172892  270  88.8918496845094
371  0.004578  0  0.2345  0.0195186689010062  0  0.999809492635639  270  88.8815916276801
372  0.00462  0  0.2345  0.0196976700946108  0  0.999805982074944  270  88.8713336425586
373  0.004662  0  0.2345  0.0198766693940762  0  0.999802439491822  270  88.8610757298022
374  0.004704  0  0.2345  0.0200556667822168  0  0.999798864887294  270  88.8508178900676
375  0.004746  0  0.2345  0.0202346622418478  0  0.99979525826239  270  88.8405601240112
376  0.004788  0  0.2345  0.0204136557557855  0  0.99979161961815  270  88.8303024322901
377  0.00483  0  0.2345  0.0205926473068472  0  0.999787948955625  270  88.8200448155607
378  0.004872  0  0.2345  0.020771636877851  0  0.999784246275873  270  88.8097872744805
379  0.004914  0  0.2345  0.0209506244516159  0  0.999780511579961  270  88.7995298097054
380  0.004956  0  0.2345  0.021129610010962  0  0.999776744868966  270  88.7892724218922
381  0.004998  0  0.2345  0.0213085935387104  0  0.999772946143974  270  88.7790151116977
382  0.00504  0  0.2345  0.021487575017683  0  0.999769115406082  270  88.7687578797786
383  0.005082  0  0.2345  0.0216665544307027  0  0.999765252656393  270  88.7585007267914
384  0.005124  0  0.2345  0.0218455317605937  0  0.999761357896022  270  88.7482436533921
385  0.005166  0  0.2345  0.0220245069901807  0  0.999757431126091  270  88.7379866602379
386  0.005208  0  0.2345  0.0222034801022899  0  0.999753472347732  270  88.7277297479849
387  0.00525  0  0.2345  0.0223824510797482  0  0.999749481562088  270  88.71747291729
388  0.005292  0  0.2345  0.0225614199053837  0  0.999745458770308  270  88.7072161688091
389  0.005334  0  0.2345  0.0227403865620253  0  0.999741403973552  270  88.6969595031985
390  0.005376  0  0.2345  0.0229193510325032  0  0.999737317172991  270  88.6867029211153
391  0.005418  0  0.2345  0.0230983132996485  0  0.999733198369801  270  88.676446423215
392  0.00546  0  0.2345  0.0232772733462935  0  0.99972904756517  270  88.6661900101541
393  0.005502  0  0.2345  0.0234562311552714  0  0.999724864760295  270  88.6559336825891
394  0.005544  0  0.2345  0.0236351867094166  0  0.999720649956382  270  88.6456774411761
395  0.005586  0  0.2345  0.0238141399915644  0  0.999716403154646  270  88.6354212865714
396  0.005628  0  0.2345  0.0239930909845514  0  0.999712124356311  270  88.6251652194309
397  0.00567  0  0.2345  0.0241720396712153  0  0.99970781356261  270  88.6149092404105
398  0.005712  0  0.2345  0.0243509860343948  0  0.999703470774786  270  88.604653350167
399  0.005754  0  0.2345  0.0245299300569296  0  0.999699095994091  270  88.5943975493557
400  0.005796  0  0.2345  0.0247088717216609  0  0.999694689221786  270  88.5841418386333
401  0.005838  0  0.2345  0.0248878110114305  0  0.999690250459141  270  88.5738862186555
402  0.00588  0  0.2345  0.025066747909082  0  0.999685779707435  270  88.563630690078
403  0.005922  0  0.2345  0.0252456823974595  0  0.999681276967958  270  88.5533752535568
404  0.005964  0  0.2345  0.0254246144594086  0  0.999676742242006  270  88.5431199097482
405  0.006006  0  0.2345  0.0256035440777762  0  0.999672175530887  270  88.5328646593076
406  0.006048  0  0.2345  0.0257824712354099  0  0.999667576835918  270  88.5226095028909
407  0.00609  0  0.2345  0.025961395915159  0  0.999662946158422  270  88.5123544411537
408  0.006132  0  0.2345  0.0261403180998737  0  0.999658283499736  270  88.5020994747524
409  0.006174  0  0.2345  0.0263192377724054  0  0.999653588861201  270  88.491844604342
410  0.006216  0  0.2345  0.0264981549156067  0  0.999648862244172  270  88.4815898305781
411  0.006258  0  0.2345  0.0266770695123316  0  0.999644103650011  270  88.471335154117
412  0.0063  0  0.2345  0.0268559815454352  0  0.999639313080089  270  88.4610805756137
413  0.006342  0  0.2345  0.0270348909977738  0  0.999634490535785  270  88.4508260957238
414  0.006384  0  0.2345  0.0272137978522049  0  0.99962963601849  270  88.4405717151032
415  0.006426  0  0.2345  0.0273927020915873  0  0.999624749529603  270  88.4303174344071
416  0.006468  0  0.2345  0.0275716036987812  0  0.999619831070531  270  88.4200632542907
417  0.00651  0  0.2345  0.0277505026566479  0  0.999614880642692  270  88.4098091754097
418  0.006552  0  0.2345  0.0279293989480499  0  0.999609898247512  270  88.3995551984195
419  0.006594  0  0.2345  0.0281082925558511  0  0.999604883886426  270  88.3893013239753
420  0.006636  0  0.2345  0.0282871834629168  0  0.999599837560879  270  88.3790475527323
421  0.006678  0  0.2345  0.0284660716521134  0  0.999594759272325  270  88.3687938853461
422  0.00672  0  0.2345  0.0286449571063086  0  0.999589649022226  270  88.3585403224713
423  0.006762  0  0.2345  0.0288238398083715  0  0.999584506812056  270  88.3482868647634
424  0.006804  0  0.2345  0.0290027197411726  0  0.999579332643295  270  88.3380335128774
425  0.006846  0  0.2345  0.0291815968875836  0  0.999574126517434  270  88.3277802674686
426  0.006888  0  0.2345  0.0293604712304775  0  0.999568888435972  270  88.317527129192
427  0.00693  0  0.2345  0.0295393427527288  0  0.999563618400418  270  88.3072740987022
428  0.006972  0  0.2345  0.0297182114372132  0  0.999558316412291  270  88.2970211766546
429  0.007014  0  0.2345  0.0298970772668078  0  0.999552982473117  270  88.286768363704
430  0.007056  0  0.2345  0.0300759402243913  0  0.999547616584432  270  88.2765156605051
431  0.007098  0  0.2345  0.0302548002928433  0  0.999542218747783  270  88.2662630677129
432  0.00714  0  0.2345  0.0304336574550453  0  0.999536788964723  270  88.2560105859819
433  0.007182  0  0.2345  0.0306125116938798  0  0.999531327236817  270  88.2457582159674
434  0.007224  0  0.2345  0.030791362992231  0  0.999525833565637  270  88.2355059583236
435  0.007266  0  0.2345  0.0309702113329842  0  0.999520307952765  270  88.2252538137054
436  0.007308  0  0.2345  0.0311490566990264  0  0.999514750399793  270  88.2150017827671
437  0.00735  0  0.2345  0.0313278990732459  0  0.999509160908321  270  88.2047498661636
438  0.007392  0  0.2345  0.0315067384385324  0  0.999503539479959  270  88.1944980645493
439  0.007434  0  0.2345  0.0316855747777772  0  0.999497886116325  270  88.1842463785789
440  0.007476  0  0.2345  0.0318644080738729  0  0.999492200819047  270  88.1739948089063
441  0.007518  0  0.2345  0.0320432383097136  0  0.999486483589762  270  88.1637433561864
442  0.00756  0  0.2345  0.0322220654681948  0  0.999480734430116  270  88.1534920210734
443  0.007602  0  0.2345  0.0324008895322136  0  0.999474953341764  270  88.1432408042216
444  0.007644  0  0.2345  0.0325797104846686  0  0.999469140326371  270  88.1329897062852
445  0.007686  0  0.2345  0.0327585283084597  0  0.99946329538561  270  88.1227387279183
446  0.007728  0  0.2345  0.0329373429864885  0  0.999457418521165  270  88.1124878697752
447  0.00777  0  0.2345  0.0331161545016581  0  0.999451509734726  270  88.1022371325101
448  0.007812  0  0.2345  0.0332949628368729  0  0.999445569027994  270  88.091986516777
449  0.007854  0  0.2345  0.033473767975039  0  0.999439596402681  270  88.0817360232299
450  0.007896  0  0.2345  0.0336525698990641  0  0.999433591860504  270  88.0714856525227
451  0.007938  0  0.2345  0.0338313685918573  0  0.999427555403193  270  88.0612354053096
452  0.00798  0  0.2345  0.0340101640363293  0  0.999421487032484  270  88.0509852822441
453  0.008022  0  0.2345  0.0341889562153923  0  0.999415386750125  270  88.0407352839803
454  0.008064  0  0.2345  0.0343677451119602  0  0.999409254557871  270  88.0304854111719
455  0.008106  0  0.2345  0.0345465307089484  0  0.999403090457487  270  88.0202356644726
456  0.008148  0  0.2345  0.0347253129892737  0  0.999396894450747  270  88.0099860445363
457  0.00819  0  0.2345  0.0349040919358549  0  0.999390666539434  270  87.9997365520165
458  0.008232  0  0.2345  0.0350828675316119  0  0.99938440672534  270  87.9894871875668
459  0.008274  0  0.2345  0.0352616397594667  0  0.999378115010267  270  87.9792379518406
460  0.008316  0  0.2345  0.0354404086023426  0  0.999371791396025  270  87.9689888454916
461  0.008358  0  0.2345  0.0356191740431646  0  0.999365435884433  270  87.9587398691732
462  0.0084  0  0.2345  0.0357979360648593  0  0.999359048477321  270  87.9484910235386
463  0.008442  0  0.2345  0.0359766946503549  0  0.999352629176526  270  87.9382423092416
464  0.008484  0  0.2345  0.0361554497825815  0  0.999346177983895  270  87.9279937269349
465  0.008526  0  0.2345  0.0363342014444706  0  0.999339694901285  270  87.9177452772724
466  0.008568  0  0.2345  0.0365129496189554  0  0.999333179930559  270  87.9074969609065
467  0.00861  0  0.2345  0.0366916942889707  0  0.999326633073594  270  87.8972487784912
468  0.008652  0  0.2345  0.0368704354374533  0  0.999320054332271  270  87.887000730679
469  0.008694  0  0.2345  0.0370491730473414  0  0.999313443708483  270  87.8767528181233
470  0.008736  0  0.2345  0.0372279071015749  0  0.999306801204133  270  87.8665050414767
471  0.008778  0  0.2345  0.0374066375830954  0  0.99930012682113  270  87.8562574013926
472  0.00882  0  0.2345  0.0375853644748465  0  0.999293420561395  270  87.8460098985234
473  0.008862  0  0.2345  0.0377640877597731  0  0.999286682426856  270  87.8357625335221
474  0.008904  0  0.2345  0.0379428074208221  0  0.999279912419451  270  87.8255153070416
475  0.008946  0  0.2345  0.0381215234409421  0  0.999273110541128  270  87.8152682197346
476  0.008988  0  0.2345  0.0383002358030834  0  0.999266276793843  270  87.8050212722538
477  0.00903  0  0.2345  0.038478944490198  0  0.99925941117956  270  87.7947744652516
478  0.009072  0  0.2345  0.0386576494852397  0  0.999252513700254  270  87.7845277993809
479  0.009114  0  0.2345  0.0388363507711641  0  0.999245584357909  270  87.7742812752941
480  0.009156  0  0.2345  0.0390150483309286  0  0.999238623154517  270  87.7640348936433
481  0.009198  0  0.2345  0.0391937421474923  0  0.99923163009208  270  87.7537886550815
482  0.00924  0  0.2345  0.0393724322038162  0  0.999224605172609  270  87.7435425602604
483  0.009282  0  0.2345  0.039551118482863  0  0.999217548398123  270  87.7332966098328
484  0.009324  0  0.2345  0.0397298009675972  0  0.999210459770651  270  87.7230508044507
485  0.009366  0  0.2345  0.0399084796409852  0  0.999203339292231  270  87.7128051447663
486  0.009408  0  0.2345  0.0400871544859952  0  0.99919618696491  270  87.7025596314318
487  0.00945  0  0.2345  0.0402658254855972  0  0.999189002790745  270  87.6923142650993
488  0.009492  0  0.2345  0.040444492622763  0  0.9991817867718  270  87.6820690464208
489  0.009534  0  0.2345  0.0406231558804664  0  0.99917453891015  270  87.671823976048
490  0.009576  0  0.2345  0.0408018152416829  0  0.999167259207878  270  87.6615790546331
491  0.009618  0  0.2345  0.04098047068939  0  0.999159947667077  270  87.6513342828278
492  0.00966  0  0.2345  0.0411591222065669  0  0.999152604289848  270  87.641089661284
493  0.009702  0  0.2345  0.0413377697761948  0  0.999145229078301  270  87.6308451906531
494  0.009744  0  0.2345  0.0415164133812568  0  0.999137822034556  270  87.6206008715872
495  0.009786  0  0.2345  0.0416950530047379  0  0.999130383160743  270  87.6103567047378
496  0.009828  0  0.2345  0.0418736886296248  0  0.999122912458997  270  87.6001126907562
497  0.00987  0  0.2345  0.0420523202389066  0  0.999115409931468  270  87.5898688302943
498  0.009912  0  0.2345  0.0422309478155737  0  0.999107875580309  270  87.5796251240032
499  0.009954  0  0.2345  0.0424095713426188  0  0.999100309407687  270  87.5693815725344
500  0.009996  0  0.2345  0.0425881908030366  0  0.999092711415775  270  87.5591381765392
501  0.010038  0  0.2345  0.0427668061798235  0  0.999085081606756  270  87.5488949366688
502  0.01008  0  0.2345  0.042945417455978  0  0.999077419982822  270  87.5386518535745
503  0.010122  0  0.2345  0.0431240246145006  0  0.999069726546175  270  87.5284089279075
504  0.010164  0  0.2345  0.0433026276383935  0  0.999062001299024  270  87.5181661603185
505  0.010206  0  0.2345  0.0434812265106613  0  0.999054244243589  270  87.507923551459
506  0.010248  0  0.2345  0.0436598212143102  0  0.999046455382098  270  87.4976811019798
507  0.01029  0  0.2345  0.0438384117323486  0  0.999038634716789  270  87.4874388125316
508  0.010332  0  0.2345  0.0440169980477869  0  0.999030782249907  270  87.4771966837654
509  0.010374  0  0.2345  0.0441955801436375  0  0.999022897983709  270  87.466954716332
510  0.010416  0  0.2345  0.0443741580029147  0  0.999014981920458  270  87.4567129108822
511  0.010458  0  0.2345  0.0445527316086348  0  0.999007034062428  270  87.4464712680663
512  0.0105  0  0.2345  0.0447313009438165  0  0.998999054411902  270  87.436229788535
513  0.010542  0  0.2345  0.0449098659914801  0  0.998991042971171  270  87.4259884729391
514  0.010584  0  0.2345  0.0450884267346482  0  0.998982999742535  270  87.4157473219289
515  0.010626  0  0.2345  0.0452669831563453  0  0.998974924728305  270  87.4055063361546
516  0.010668  0  0.2345  0.0454455352395981  0  0.998966817930799  270  87.3952655162669
517  0.01071  0  0.2345  0.0456240829674354  0  0.998958679352345  270  87.3850248629158
518  0.010752  0  0.2345  0.045802626322888  0  0.998950508995278  270  87.3747843767516
519  0.010794  0  0.2345  0.0459811652889887  0  0.998942306861946  270  87.3645440584245
520  0.010836  0  0.2345  0.0461596998487725  0  0.998934072954703  270  87.3543039085844
521  0.010878  0  0.2345  0.0463382299852766  0  0.998925807275912  270  87.3440639278815
522  0.01092  0  0.2345  0.0465167556815402  0  0.998917509827946  270  87.3338241169656
523  0.010962  0  0.2345  0.0466952769206045  0  0.998909180613187  270  87.3235844764868
524  0.011004  0  0.2345  0.0468737936855131  0  0.998900819634026  270  87.3133450070946
